Arc -350 350 200 100 100 0 4 58 9 1
Arc 350 350 200 100 100 0 4 255 255 1
Rect 0 0 200 100 100 0 50 58 100 1
Rect -350 -400 200 100 100 0 160 58 147 1
Rect -250 -400 200 100 100 0 200 145 78 1
Rect -150 -400 200 100 100 0 49 101 101 1
Rect -50 -400 200 100 100 0 57 58 70 1
Rect 50 -400 200 100 100 0 150 67 9 1
Rect 150 -400 200 100 100 0 255 58 9 1
Rect 250 -400 200 100 100 0 4 255 9 1
Rect 350 -400 200 100 100 0 255 58 255 1
Rect -350 -300 200 100 100 0 100 255 101 1
Rect -350 -200 200 100 100 0 100 100 100 1
Rect 350 -300 200 100 100 0 4 200 9 1
Rect 350 -200 200 100 100 0 45 45 45 1